214
189
140
37
180
34
196
44
213
33
174
219
116
67
230
141
103
40
247
93
64
211
51
56
109
49
193
93
159
91
80
196
145
238
32
22
112
169
208
159
157
28
44
142
235
221
70
133
44
232
89
128
119
172
15
184
189
105
124
139
160
128
210
59
80
186
225
200
248
15
7
86
128
137
250
156
27
92
210
82
88
42
18
120
86
44
17
204
92
23
111
61
207
42
224
109
218
92
7
241
250
114
170
248
94
226
232
136
166
249
43
81
79
229
41
7
222
249
207
154
194
182
52
177
63
230
44
151
112
147
47
146
56
15
101
134
73
136
110
219
58
248
38
246
194
175
158
96
79
63
180
16
180
226
45
174
157
174
196
102
39
249
53
121
12
59
55
220
18
25
235
30
248
202
51
27
36
173
13
104
1
55
240
235
250
232
62
97
164
33
189
95
49
103
112
70
216
181
95
206
126
52
235
154
11
119
31
199
53
8
207
188
105
66
192
136
218
48
143
103
152
122
83
97
79
169
228
122
64
137
103
235
127
95
103
100
118
130
163
249
131
104
211
168
70
210
43
81
26
79
140
1
228
37
202
193
202
227
196
105
240
239
198
68
199
66
163
32
221
248
100
155
143
120
191
133
138
164
66
215
106
214
178
94
135
223
169
233
242
175
139
75
211
47
14
7
138
179
245
13
66
53
137
65
101
136
102
206
98
116
44
249
52
84
25
189
139
201
122
151
88
219
117
17
211
86
39
219
30
94
115
140
40
55
217
145
236
195
198
55
93
59
70
93
241
250
136
149
173
221
214
65
96
63
197
146
124
37
82
45
67
15
229
128
219
100
177
45
83
223
95
194
65
154
89
16
34
158
46
164
237
70
79
138
54
99
123
42
68
88
240
100
103
196
116
207
81
54
196
46
245
67
246
60
101
76
45
48
109
63
28
93
154
27
24
105
162
166
239
177
23
192
72
56
30
6
141
196
153
136
159
196
62
143
2
63
139
160
108
196
150
1
215
71
141
104
66
9
20
231
185
48
230
29
117
132
243
220
81
115
241
96
179
101
169
16
37
211
114
148
210
22
3
133
187
149
105
49
3
185
35
45
44
114
181
62
85
218
92
49
25
155
10
55
137
75
209
247
131
82
